Q1=[16 11 10 16 24 40 51 61;
    12 12 14 19 26 58 60 55;
    14 13 16 24 40 57 69 56;
    14 17 22 29 51 87 80 62;
    18 22 37 56 68 109 103 77;
    24 35 55 64 81 104 113 92;
    49 64 78 87 103 121 120 101;
    72 92 95 98 112 100 103 99];



% Vértices da matriz onde a função zigzag percorre 

% (1,1),(1,2),(2,1),(3,1),(2,2),(1,3),(1,4),(2,3),(3,2),(4,1),(5,1),(4,2)
% (3,3),(2,4),(1,5),(1,6),(2,5),(3,4),(4,3),(5,2),(6,1),(7,1),(6,2)
% (5,3),(4,4),(3,5),(2,6),(1,7),(1,8),(2,7),(3,6),(4,5),(5,4),(6,3),(7,2)
% (8,1),(8,2),(7,3),(6,4),(5,5),(4,6),(3,7),(2,8),(3,8),(4,7),(5,6)
% (6,5),(7,4),(8,3),(8,4),(7,5),(6,6),(5,7),(4,8),(5,8),(6,7),(7,6),(8,5)
% (8,6),(7,7),(6,8),(7,8),(8,7),(8,8)

j = [1,2,1,1,2,3,4,2,2,4,1,4,3,4,5,6,5,4,3,2,1,1,2,3,4,5,6,7,8,7,6,5,4,3,2,1,2,3,4,5,6,7,8,8,7,6,5,4,3,4,5,6,7,8,8,7,6,5,6,7,8,8,7,8];
i =[1,1,2,3,2,1,1,2,3,4,5,4,3,2,1,1,2,3,4,5,6,7,6,5,4,3,2,1,1,2,3,4,5,6,7,8,8,7,6,5,4,3,2,3,4,5,6,7,8,8,7,6,5,4,5,6,7,8,8,7,6,7,8,8];